0500
01525252525252525252525252525252525252525252525252
01525252525252525252525252525252525252525252525252
01525252525252525252525252525252525252525252525252
01525252525252525252525252525252525252525252525252
01585858585858585858585858585858585858585858585858
01585858585858585858585858585858585858585858585858
01585858585858585858585858585858585858585858585858
01505050505050505050505050505050505050505050505050
01505050505050505050505050505050505050505050505050
01505050505050505050505050505050505050505050505050
01505050505050505050505050505050505050505050505050
01505050505050505050505050505050505050505050505050
01505050505050505050505050505050505050505050505050
01505050505050505050505050505050505050505050505050
01505050505050505050505050505050505050505050505050
01606060606060606060606060606060606060606060606060
01606060606060606060606060606060606060606060606060
01606060606060606060606060606060606060606060606060
01606060606060606060606060606060606060606060606060
01606060606060606060606060606060606060606060606060
01606060606060606060606060606060606060606060606060
01606060606060606060606060606060606060606060606060
01606060606060606060606060606060606060606060606060
01606060606060606060606060606060606060606060606060
01707070707070707070707070707070707070707070707070
01707070707070707070707070707070707070707070707070
01707070707070707070707070707070707070707070707070
01707070707070707070707070707070707070707070707070
01707070707070707070707070707070707070707070707070
01707070707070707070707070707070707070707070707070
01707070707070707070707070707070707070707070707070
01707070707070707070707070707070707070707070707070
01909090909090909090909090909090909090909090909090
01909090909090909090909090909090909090909090909090
01909090909090909090909090909090909090909090909090
01909090909090909090909090909090909090909090909090
01909090909090909090909090909090909090909090909090
01909090909090909090909090909090909090909090909090
01909090909090909090909090909090909090909090909090
01808080808080808080808080808080808080808080808080
01808080808080808080808080808080808080808080808080
01808080808080808080808080808080808080808080808080
01808080808080808080808080808080808080808080808080
01808080808080808080808080808080808080808080808080
01808080808080808080808080808080808080808080808080
01808080808080808080808080808080808080808080808080
01808080808080808080808080808080808080808080808080
01808080808080808080808080808080808080808080808080
01808080808080808080808080808080808080808080808080
01808080808080808080808080808080808080808080808080
01808080808080808080808080808080808080808080808080
01808080808080808080808080808080808080808080808080
01808080808080808080808080808080808080808080808080
01808080808080808080808080808080808080808080808080
01808080808080808080808080808080808080808080808080
01808080808080808080808080808080808080808080808080

